10,112
10,268
10,230
10,202
10,288
10,131
10,104
11,29
11,16
11,23
11,12
8,17
8,11
8,5
8,13
8,2
8,3
2,2
2,1
2,3
52,3
52,2
52,1
52,0
20,3
20,2
20,1
19,3
19,2
19,1
18,3
18,1
17,3
17,2
17,1
16,3
16,2
16,1
15,3
15,2
15,1
14,3
14,2
14,1
13,3
13,2
13,1
12,3
12,2
12,1
11,26
11,25
11,22
11,21
11,20
11,19
11,18
11,15
11,14
11,13
11,9
11,6
11,4
11,3
11,2
11,1
10,299
10,295
10,293
10,290
10,266
10,262
10,244
10,240
10,239
10,215
10,214
10,210
10,196
10,194
10,164
10,163
10,136
10,135
10,108
10,95
10,72
10,18
10,12
10,3
10,2
10,1
9,7
9,6
9,5
